nanos mys versicolor;bionts;siz:6;nut:800;def:20;att:12;spe:6.0;rep:100;rep:0.221522078409;ene:1000;0;0;0;0;0;0;0;0;0;0;0;1;2;3;6;9;9;5;5;0;0;0;0;0;0;0;0;0;0;0;0;0;0;0;0;0;0;0;0;0;0;0;0;0;0;0;0;0;0;0;0;0;0;0;0;0;0;0;0;0;0;0;0;0;0;0;0;0;0;0;0;0;0;0;0;0;0;0;0;0;0;0;0;0;0;0;0;0;0;0;0;0;0;0;0;0;0
domesticus troglodytes maximus;bionts;siz:6;nut:800;def:20;att:12;spe:8.99728191052;rep:100;rep:0.2;ene:1000;0;0;0;0;0;0;0;0;0;0;0;0;0;0;0;0;0;0;0;0;0;0;0;0;0;0;0;0;0;1;1;2;2;2;0;0;0;0;0;0;0;0;0;0;0;0;0;0;0;0;0;0;0;0;0;0;0;0;0;0;0;0;0;0;0;0;0;0;0;0;0;0;0;0;0;0;0;0;0;0;0;0;0;0;0;0;0;0;0;0;0;0;0;0;0;0;0
homo pratensis dodeca;food;siz:2;nut:300;def:2;att:2;spe:1.0;rep:1000;rep:0.2;ene:500;100;141;207;267;327;373;408;421;457;477;465;434;395;368;316;251;208;152;120;96;83;95;115;122;127;149;160;173;187;182;156;129;130;116;129;141;126;139;140;141;154;151;149;149;155;188;204;220;247;231;221;198;174;146;130;124;119;123;122;124;140;130;153;163;167;173;166;158;156;180;192;221;239;237;245;241;225;224;191;159;136;135;140;164;169;174;154;143;142;164;168;198;196;210;213;226;238
pict maculatus felis;bionts;siz:6;nut:800;def:24.4225552802;att:10.7527166986;spe:8.22692540275;rep:100;rep:0.2;ene:1000;0;0;0;0;0;0;0;0;0;0;0;0;0;0;0;0;0;0;0;0;0;0;0;0;0;0;0;0;0;0;0;0;0;0;0;0;0;0;0;0;0;0;0;0;0;0;0;0;0;0;0;0;0;0;0;0;0;0;0;0;0;0;0;0;0;0;0;0;0;0;0;0;0;0;0;0;0;0;0;1;1;1;0;0;0;0;0;0;0;0;0;0;0;0;0;0;0
major ensis velocis;bionts;siz:6;nut:800;def:20;att:12;spe:6.0;rep:100;rep:0.20536953995;ene:1000;0;0;0;0;0;0;0;0;0;0;0;0;0;1;2;3;6;9;8;5;2;2;0;0;0;0;0;0;0;0;0;0;0;0;0;0;0;0;0;0;0;0;0;0;0;0;0;0;0;0;0;0;0;0;0;0;0;0;0;0;0;0;0;0;0;0;0;0;0;0;0;0;0;0;0;0;0;0;0;0;0;0;0;0;0;0;0;0;0;0;0;0;0;0;0;0;0
dulcis viridis dorsum;bionts;siz:6;nut:800;def:25.6302540925;att:12;spe:7.63363511898;rep:100;rep:0.2;ene:1000;0;0;0;0;0;0;0;0;0;0;0;0;0;0;0;0;0;1;4;5;4;1;0;0;0;0;0;0;0;0;0;0;0;0;0;0;0;0;0;0;0;0;0;0;0;0;0;0;0;0;0;0;0;0;0;0;0;0;0;0;0;0;0;0;0;0;0;0;0;0;0;0;0;0;0;0;0;0;0;0;0;0;0;0;0;0;0;0;0;0;0;0;0;0;0;0;0
verrucosus stoma glycys;bionts;siz:6;nut:800;def:20;att:12;spe:6.0;rep:100;rep:0.227691151547;ene:1000;0;0;0;0;0;0;0;0;0;0;0;0;0;0;0;0;0;0;0;0;0;0;0;0;0;0;0;0;0;0;0;0;0;0;0;0;1;1;1;0;0;0;0;0;0;0;0;0;0;0;0;0;0;0;0;0;0;0;0;0;0;0;0;0;0;0;0;0;0;0;0;0;0;0;0;0;0;0;0;0;0;0;0;0;0;0;0;0;0;0;0;0;0;0;0;0;0
villosus agrestis branchia;bionts;siz:6;nut:800;def:20;att:18.9251897522;spe:8.22692540275;rep:100;rep:0.2;ene:1000;0;0;0;0;0;0;0;0;0;0;0;0;0;0;0;0;0;0;0;0;0;0;0;0;0;0;0;0;0;0;0;0;0;0;0;0;0;0;0;0;0;0;0;0;0;0;0;0;1;1;0;0;0;0;0;0;0;0;0;0;0;0;0;0;0;0;0;0;0;0;0;0;0;0;0;0;0;0;0;0;0;0;0;0;0;0;0;0;0;0;0;0;0;0;0;0;0
repand silvestris verrucosus;bionts;siz:6;nut:897;def:20;att:12;spe:6.0;rep:100;rep:0.2;ene:1000;0;0;0;0;0;0;0;0;0;0;0;0;0;0;0;0;0;0;0;0;0;0;0;0;0;0;0;0;0;0;0;0;0;0;0;0;0;0;0;0;0;0;0;0;0;0;1;1;1;0;0;0;0;0;0;0;0;0;0;0;0;0;0;0;0;0;0;0;0;0;0;0;0;0;0;0;0;0;0;0;0;0;0;0;0;0;0;0;0;0;0;0;0;0;0;0;0
verrucosus novaeseelandiae repens;bionts;siz:4;nut:695.596053265;def:18.2599342211;att:10.0510754102;spe:8.9426949707;rep:100;rep:0.2;ene:1000;0;0;0;0;0;0;0;0;0;0;0;0;0;0;0;0;0;0;0;0;0;0;0;0;0;0;0;0;0;0;0;0;0;0;0;0;0;0;0;0;0;0;0;0;0;0;0;0;0;0;0;0;0;0;0;0;0;0;0;0;0;0;0;0;0;0;0;0;0;0;0;0;0;0;0;0;0;0;0;1;1;1;0;0;0;0;0;0;0;0;0;0;0;0;0;0;0
echinatus occidentalis petra;bionts;siz:6;nut:800;def:20;att:12;spe:4.32199433361;rep:100;rep:0.2;ene:1000;0;0;0;0;0;0;0;0;0;0;0;0;0;0;0;0;0;0;0;0;0;0;0;0;0;0;0;0;0;0;0;1;2;3;2;0;0;0;0;0;0;0;0;0;0;0;0;0;0;0;0;0;0;0;0;0;0;0;0;0;0;0;0;0;0;0;0;0;0;0;0;0;0;0;0;0;0;0;0;0;0;0;0;0;0;0;0;0;0;0;0;0;0;0;0;0;0
fulvus pratensis lactiflora;bionts;siz:6;nut:800;def:20;att:9.1449107345;spe:6.0;rep:100;rep:0.221265048451;ene:1000;0;0;0;0;0;0;0;0;0;0;0;0;0;0;0;0;0;0;0;0;0;0;0;0;0;0;0;0;0;0;0;0;0;1;0;0;0;0;0;0;0;0;0;0;0;0;0;0;0;0;0;0;0;0;0;0;0;0;0;0;0;0;0;0;0;0;0;0;0;0;0;0;0;0;0;0;0;0;0;0;0;0;0;0;0;0;0;0;0;0;0;0;0;0;0;0;0
hexa agrestis latus;bionts;siz:6;nut:830.925902392;def:20.5154317065;att:12.2319442679;spe:5.84537048804;rep:100;rep:0.2;ene:1000;0;0;0;0;0;0;0;0;0;0;0;0;0;0;0;0;0;0;0;0;0;0;0;0;0;0;0;0;0;0;0;0;0;0;0;0;0;0;0;0;0;0;0;0;0;0;0;0;0;0;0;0;0;0;0;0;0;1;0;0;0;0;0;0;0;0;0;0;0;0;0;0;0;0;0;0;0;0;0;0;0;0;0;0;0;0;0;0;0;0;0;0;0;0;0;0;0
viridis hortensis lepton;bionts;siz:6;nut:800;def:20;att:11.6840578445;spe:12.517952522;rep:100;rep:0.2;ene:1000;0;0;0;0;0;0;0;0;0;0;0;0;0;0;0;0;0;0;0;0;0;0;0;0;0;0;0;0;0;0;0;0;0;0;0;0;0;0;0;0;0;0;0;0;0;0;0;0;0;0;0;0;0;0;0;0;0;0;0;0;0;0;0;0;0;0;0;0;0;0;0;0;0;0;0;0;0;0;0;0;0;0;0;0;0;0;0;0;0;0;1;1;1;0;0;0;0
aureus decem baccatus;bionts;siz:6;nut:800;def:20;att:12;spe:7.63363511898;rep:121.9425378;rep:0.2;ene:1000;0;0;0;0;0;0;0;0;0;1;1;1;0;0;0;0;0;0;0;0;0;0;0;0;0;0;0;0;0;0;0;0;0;0;0;0;0;0;0;0;0;0;0;0;0;0;0;0;0;0;0;0;0;0;0;0;0;0;0;0;0;0;0;0;0;0;0;0;0;0;0;0;0;0;0;0;0;0;0;0;0;0;0;0;0;0;0;0;0;0;0;0;0;0;0;0;0
coronatus folium elegans;bionts;siz:6;nut:800;def:20;att:12;spe:6.0;rep:96.7956097032;rep:0.2;ene:1000;0;0;0;0;0;0;0;0;0;0;0;0;0;0;0;0;0;0;1;1;1;1;0;0;0;0;0;0;0;0;0;0;0;0;0;0;0;0;0;0;0;0;0;0;0;0;0;0;0;0;0;0;0;0;0;0;0;0;0;0;0;0;0;0;0;0;0;0;0;0;0;0;0;0;0;0;0;0;0;0;0;0;0;0;0;0;0;0;0;0;0;0;0;0;0;0;0
pubescens silvestris sanguis;bionts;siz:6;nut:800;def:20;att:9.1449107345;spe:6.0;rep:100;rep:0.245498623023;ene:1000;0;0;0;0;0;0;0;0;0;0;0;0;0;0;0;0;0;0;0;0;0;0;0;0;0;0;0;0;0;1;1;1;0;0;0;0;0;0;0;0;0;0;0;0;0;0;0;0;0;0;0;0;0;0;0;0;0;0;0;0;0;0;0;0;0;0;0;0;0;0;0;0;0;0;0;0;0;0;0;0;0;0;0;0;0;0;0;0;0;0;0;0;0;0;0;0;0
baccatus viridis rhiza;bionts;siz:6;nut:800;def:20;att:12;spe:6.0;rep:123.551809774;rep:0.171878368087;ene:1000;0;0;0;0;0;0;0;0;0;0;0;0;0;0;0;0;0;0;0;0;0;0;0;0;0;0;0;0;0;0;0;0;0;0;0;0;0;0;0;0;0;0;0;0;0;0;0;0;0;0;0;0;0;0;0;0;0;0;0;0;0;0;0;0;0;0;0;0;0;0;0;1;1;2;2;1;0;0;0;0;0;0;0;0;0;0;0;0;0;0;0;0;0;0;0;0;0
domesticus xanthos officinalis;bionts;siz:6;nut:1019;def:20;att:12;spe:7.63363511898;rep:100;rep:0.2;ene:1000;0;0;0;0;0;0;0;0;0;0;0;0;0;0;0;0;0;0;0;0;0;0;0;0;0;0;0;0;0;0;0;0;0;0;0;0;0;0;0;1;1;2;2;2;0;0;0;0;0;0;0;0;0;0;0;0;0;0;0;0;0;0;0;0;0;0;0;0;0;0;0;0;0;0;0;0;0;0;0;0;0;0;0;0;0;0;0;0;0;0;0;0;0;0;0;0;0
occidentalis echinatus baccatus;bionts;siz:6;nut:800;def:20;att:12;spe:6.0;rep:100;rep:0.178986441781;ene:1000;0;0;0;0;0;0;1;2;4;5;5;3;2;1;0;0;0;0;0;0;0;0;0;0;0;0;0;0;0;0;0;0;0;0;0;0;0;0;0;0;0;0;0;0;0;0;0;0;0;0;0;0;0;0;0;0;0;0;0;0;0;0;0;0;0;0;0;0;0;0;0;0;0;0;0;0;0;0;0;0;0;0;0;0;0;0;0;0;0;0;0;0;0;0;0;0;0
coronatus delphis viridis;bionts;siz:6;nut:800;def:21.8248696606;att:12;spe:6.0;rep:100;rep:0.2;ene:1000;0;0;0;0;0;0;0;0;0;0;0;0;1;1;0;0;0;0;0;0;0;0;0;0;0;0;0;0;0;0;0;0;0;0;0;0;0;0;0;0;0;0;0;0;0;0;0;0;0;0;0;0;0;0;0;0;0;0;0;0;0;0;0;0;0;0;0;0;0;0;0;0;0;0;0;0;0;0;0;0;0;0;0;0;0;0;0;0;0;0;0;0;0;0;0;0;0
glycys strictus minimus;bionts;siz:6;nut:743;def:20;att:12;spe:6.0;rep:100;rep:0.2;ene:1000;0;0;0;0;0;0;0;0;0;0;0;0;0;0;0;0;0;0;0;0;0;0;0;0;0;0;0;0;0;0;0;0;0;0;0;0;0;0;0;0;0;0;0;0;0;0;0;0;0;0;2;3;4;3;5;3;1;1;0;0;0;0;0;0;0;0;0;0;0;0;0;0;0;0;0;0;0;0;0;0;0;0;0;0;0;0;0;0;0;0;0;0;0;0;0;0;0
minor decem penn;bionts;siz:6;nut:800;def:20;att:12;spe:6.9953929204;rep:100;rep:0.2;ene:1000;0;0;0;0;0;0;0;0;0;0;0;0;0;0;0;0;0;0;0;0;0;0;0;0;0;0;0;0;0;0;0;0;0;0;0;0;0;0;0;0;0;0;0;0;0;0;0;0;0;0;0;0;0;0;0;0;0;1;1;1;1;0;0;0;0;0;0;0;0;0;0;0;0;0;0;0;0;0;0;0;0;0;0;0;0;0;0;0;0;0;0;0;0;0;0;0;0
lepton maximus nanos;bionts;siz:6;nut:845.981952615;def:20.7663658769;att:12.3448646446;spe:5.77009023692;rep:125.211121598;rep:0.2;ene:1000;0;0;0;0;0;0;0;0;0;0;0;0;0;0;0;0;0;0;0;0;0;0;0;0;0;0;0;0;0;0;0;0;0;0;0;0;0;0;0;0;0;0;0;0;0;0;0;0;0;0;1;1;2;2;1;0;0;0;0;0;0;0;0;0;0;0;0;0;0;0;0;0;0;0;0;0;0;0;0;0;0;0;0;0;0;0;0;0;0;0;0;0;0;0;0;0;0
arctos decem sinensis;bionts;siz:4;nut:703.713676519;def:18.395227942;att:11.2778525739;spe:6.4814316174;rep:100;rep:0.2;ene:1000;0;0;0;0;0;0;0;0;0;0;0;0;0;0;0;0;0;0;0;0;0;0;0;0;0;0;0;0;0;0;0;0;0;0;0;0;0;0;0;0;0;0;0;0;0;0;0;0;0;0;0;0;0;0;0;0;0;0;0;0;0;0;0;0;0;2;2;1;0;0;0;0;0;0;0;0;0;0;0;0;0;0;0;0;0;0;0;0;0;0;0;0;0;0;0;0;0
erythro tomentosus caulos;bionts;siz:6;nut:800;def:21.6909792656;att:12;spe:6.0;rep:100;rep:0.2;ene:1000;0;0;0;0;0;0;0;0;0;0;0;0;0;0;0;0;0;0;0;0;0;0;0;0;0;0;0;0;0;0;0;0;0;0;0;0;0;0;0;0;0;0;0;0;0;0;0;0;0;0;0;0;0;0;0;0;0;0;2;3;3;2;1;0;0;0;0;0;0;0;0;0;0;0;0;0;0;0;0;0;0;0;0;0;0;0;0;0;0;0;0;0;0;0;0;0;0
septem atropurpureum marginatus;bionts;siz:6;nut:800;def:20;att:14.8871650409;spe:5.76026359073;rep:100;rep:0.2;ene:1000;0;0;0;0;0;0;0;0;0;0;0;0;0;0;0;0;0;0;0;0;0;0;0;0;0;0;0;0;0;0;0;0;0;0;0;0;1;1;1;0;0;0;0;0;0;0;0;0;0;0;0;0;0;0;0;0;0;0;0;0;0;0;0;0;0;0;0;0;0;0;0;0;0;0;0;0;0;0;0;0;0;0;0;0;0;0;0;0;0;0;0;0;0;0;0;0;0
glabra elegans praecox;bionts;siz:5;nut:741.466016231;def:19.0244336038;att:11.5609951217;spe:6.29266991885;rep:100;rep:0.2;ene:1000;0;0;0;0;0;0;0;0;0;0;0;0;0;0;0;0;0;0;0;0;0;0;0;0;0;0;0;0;0;0;0;0;0;0;0;1;1;0;0;0;0;0;0;0;0;0;0;0;0;0;0;0;0;0;0;0;0;0;0;0;0;0;0;0;0;0;0;0;0;0;0;0;0;0;0;0;0;0;0;0;0;0;0;0;0;0;0;0;0;0;0;0;0;0;0;0;0
albus maculatus striatus;bionts;siz:6;nut:735;def:20;att:12;spe:6.0;rep:100;rep:0.2;ene:1000;0;0;0;0;0;0;0;0;0;0;0;0;0;0;0;0;0;0;0;0;0;0;0;0;0;0;0;0;0;0;0;0;0;0;0;0;0;0;0;0;0;0;0;0;0;0;0;0;0;0;0;0;0;0;0;0;0;0;0;0;0;0;0;0;1;1;2;2;3;2;2;5;3;6;9;14;17;19;14;16;23;24;22;18;16;14;9;9;8;6;6;4;2;2;3;1;3
marginatus felis velox;bionts;siz:6;nut:800;def:20;att:12;spe:6.0;rep:100;rep:0.233790046369;ene:1000;0;0;0;0;0;0;0;0;0;0;0;0;0;0;0;0;0;0;0;0;0;0;0;0;0;0;0;0;0;0;0;0;0;0;0;0;0;0;0;0;0;0;0;0;0;0;0;0;0;0;0;0;0;0;0;0;0;0;0;0;0;0;0;0;0;0;0;0;1;1;1;1;0;0;0;0;0;0;0;0;0;0;0;0;0;0;0;0;0;0;0;0;0;0;0;0;0
dodeca montanus pelag;bionts;siz:6;nut:800;def:20;att:9.1449107345;spe:6.0;rep:100;rep:0.194916654834;ene:1000;0;0;0;0;0;0;0;0;0;0;0;0;0;0;0;0;0;0;0;0;0;0;0;0;0;0;0;0;0;0;0;0;0;0;0;0;0;0;0;0;0;0;0;0;0;0;0;0;0;0;0;0;0;0;0;0;0;0;0;0;0;0;0;0;0;0;1;1;1;1;1;1;2;2;1;0;0;0;0;0;0;0;0;0;0;0;0;0;0;0;0;0;0;0;0;0;0
noveboracensis cephaloceps mephitis;bionts;siz:6;nut:800;def:15.7809214201;att:12;spe:7.63363511898;rep:100;rep:0.2;ene:1000;0;0;0;0;0;0;0;0;0;0;0;0;0;0;0;0;0;0;0;0;0;0;0;0;0;0;0;0;0;0;0;0;0;0;0;0;0;0;0;0;0;0;0;0;1;1;0;0;0;0;0;0;0;0;0;0;0;0;0;0;0;0;0;0;0;0;0;0;0;0;0;0;0;0;0;0;0;0;0;0;0;0;0;0;0;0;0;0;0;0;0;0;0;0;0;0;0
fulvus rostralis variegatus;bionts;siz:6;nut:633;def:25.9371216835;att:14.8871650409;spe:7.63363511898;rep:100;rep:0.2;ene:1000;0;0;0;0;0;0;0;0;0;0;0;0;0;0;0;0;0;0;0;0;0;0;0;0;0;0;0;0;0;0;0;0;0;0;1;0;0;0;0;0;0;0;0;0;0;0;0;0;0;0;0;0;0;0;0;0;0;0;0;0;0;0;0;0;0;0;0;0;0;0;0;0;0;0;0;0;0;0;0;0;0;0;0;0;0;0;0;0;0;0;0;0;0;0;0;0;0
fuscus repand vulgaris;bionts;siz:6;nut:800;def:20;att:14.8871650409;spe:8.2334571194;rep:100;rep:0.2;ene:1000;0;0;0;0;0;0;0;0;0;0;0;0;0;0;0;0;0;0;0;0;0;0;0;0;0;0;0;0;0;0;0;0;0;0;0;0;0;0;0;0;0;0;0;0;0;0;0;0;0;0;1;1;0;0;0;0;0;0;0;0;0;0;0;0;0;0;0;0;0;0;0;0;0;0;0;0;0;0;0;0;0;0;0;0;0;0;0;0;0;0;0;0;0;0;0;0;0
phago reptans novaeseelandiae;bionts;siz:6;nut:772;def:20;att:12;spe:6.0;rep:100;rep:0.2;ene:1000;0;0;0;0;0;0;0;0;0;0;0;0;0;0;0;0;0;0;0;0;0;0;0;0;0;0;0;0;0;0;0;0;0;0;0;0;0;0;0;0;0;0;0;0;0;0;0;0;0;0;0;0;0;0;0;0;0;0;0;0;0;0;0;0;0;0;0;0;0;0;0;0;0;0;0;0;0;0;0;0;1;1;1;0;0;0;0;0;0;0;0;0;0;0;0;0;0
ocean ventralis vernus;bionts;siz:6;nut:800;def:20;att:12;spe:6.0;rep:85.6703116572;rep:0.2;ene:1000;0;0;0;0;0;0;0;0;0;0;0;0;0;0;0;0;0;0;0;0;0;0;0;0;1;1;1;1;2;1;2;4;5;5;2;1;0;0;0;0;0;0;0;0;0;0;0;0;0;0;0;0;0;0;0;0;0;0;0;0;0;0;0;0;0;0;0;0;0;0;0;0;0;0;0;0;0;0;0;0;0;0;0;0;0;0;0;0;0;0;0;0;0;0;0;0;0
sativus pubescens crocos;bionts;siz:6;nut:800;def:20;att:10.7527166986;spe:8.22692540275;rep:100;rep:0.2;ene:1000;0;0;0;0;0;0;0;0;0;0;0;0;0;0;0;0;0;0;0;0;0;0;0;0;0;0;0;0;0;0;0;0;0;0;0;0;0;0;0;0;0;0;0;0;0;0;0;0;0;0;0;0;0;0;0;0;0;0;0;0;0;0;0;0;0;0;0;0;2;3;4;6;3;6;9;15;24;36;48;56;61;63;54;39;29;34;41;44;42;34;28;23;25;29;25;20;21
luteus glycys albus;bionts;siz:6;nut:800;def:20;att:12;spe:6.0;rep:95.0074569625;rep:0.2;ene:1000;0;0;0;0;0;0;0;0;0;0;0;0;0;0;0;0;0;0;0;0;0;0;0;0;0;0;0;0;0;0;0;0;0;0;0;0;0;0;0;0;0;0;0;0;0;0;0;0;0;0;0;0;0;0;1;1;1;0;0;0;0;0;0;0;0;0;0;0;0;0;0;0;0;0;0;0;0;0;0;0;0;0;0;0;0;0;0;0;0;0;0;0;0;0;0;0;0
repens petra albus;bionts;siz:6;nut:800;def:20;att:12;spe:6.0;rep:92.8529788017;rep:0.2;ene:1000;0;0;0;0;0;0;0;0;0;0;0;0;0;0;0;0;0;0;0;0;0;0;0;0;0;0;0;0;0;0;0;0;0;0;0;0;0;0;0;0;0;0;0;0;0;0;0;0;0;0;0;0;1;1;1;0;0;0;0;0;0;0;0;0;0;0;0;0;0;0;0;0;0;0;0;0;0;0;0;0;0;0;0;0;0;0;0;0;0;0;0;0;0;0;0;0;0
pulchellus gaster baccatus;bionts;siz:6;nut:800;def:20;att:10.4710212586;spe:8.2334571194;rep:100;rep:0.2;ene:1000;0;0;0;0;0;0;0;0;0;0;0;0;0;0;0;0;0;0;0;0;0;0;0;0;0;0;0;0;0;0;0;0;0;0;0;0;0;0;0;0;0;0;0;0;0;0;0;0;0;0;1;2;1;0;0;0;0;0;0;0;0;0;0;0;0;0;0;0;0;0;0;0;0;0;0;0;0;0;0;0;0;0;0;0;0;0;0;0;0;0;0;0;0;0;0;0;0
lactiflora elatior canadensis;bionts;siz:6;nut:663;def:20;att:12;spe:6.0;rep:100;rep:0.2;ene:1000;0;0;0;0;0;0;0;0;0;0;0;0;0;0;0;0;0;0;0;0;0;0;0;0;0;0;0;0;0;0;0;0;0;0;0;0;0;0;0;0;0;0;0;0;0;0;0;0;0;0;1;2;3;4;2;2;2;1;0;0;0;0;0;0;0;0;0;0;0;0;0;0;0;0;0;0;0;0;0;0;0;0;0;0;0;0;0;0;0;0;0;0;0;0;0;0;0
acutus pulchellus virosus;bionts;siz:6;nut:800;def:20;att:10.7527166986;spe:8.22692540275;rep:100;rep:0.172519081674;ene:1000;0;0;0;0;0;0;0;0;0;0;0;0;0;0;0;0;0;0;0;0;0;0;0;0;0;0;0;0;0;0;0;0;0;0;0;0;0;0;0;0;0;0;0;0;0;0;0;0;0;0;0;0;0;0;0;0;0;0;0;0;0;0;0;0;0;0;0;0;0;0;0;0;0;0;0;0;0;0;0;1;0;0;0;0;0;0;0;0;0;0;0;0;0;0;0;0;0
arvensis marginatus cristatus;bionts;siz:6;nut:800;def:20;att:14.8871650409;spe:8.22692540275;rep:100;rep:0.2;ene:1000;0;0;0;0;0;0;0;0;0;0;0;0;0;0;0;0;0;0;0;0;0;0;0;0;0;0;0;0;0;1;1;2;4;6;9;8;9;7;8;7;10;8;10;10;10;9;15;20;30;31;27;19;20;25;27;27;26;29;25;17;11;8;10;10;11;12;12;14;14;13;11;8;10;15;15;13;7;4;4;2;2;1;1;1;1;0;0;0;0;0;0;0;0;0;0;0;0
rufus nothos repens;bionts;siz:6;nut:912;def:20;att:12;spe:7.63363511898;rep:98.2041782034;rep:0.2;ene:1000;0;0;0;0;0;0;0;0;0;0;0;0;0;0;0;0;0;0;0;0;0;0;0;0;0;0;0;0;0;0;0;0;0;0;0;1;1;1;0;0;0;0;0;0;0;0;0;0;0;0;0;0;0;0;0;0;0;0;0;0;0;0;0;0;0;0;0;0;0;0;0;0;0;0;0;0;0;0;0;0;0;0;0;0;0;0;0;0;0;0;0;0;0;0;0;0;0
erectus rufus maximus;bionts;siz:6;nut:800;def:20;att:11.6840578445;spe:9.84969531645;rep:100;rep:0.2;ene:1000;0;0;0;0;0;0;0;0;0;0;0;0;0;0;0;0;0;0;0;0;0;0;0;0;0;0;0;0;0;0;0;0;0;0;0;0;0;0;0;0;0;0;0;0;0;0;0;0;0;0;0;0;0;0;0;0;0;0;0;0;0;0;0;0;0;0;0;0;0;0;0;0;0;0;0;0;0;0;3;5;5;7;6;8;8;13;18;13;13;13;12;16;17;13;15;9;8
major saura minimus;bionts;siz:6;nut:876;def:20;att:12;spe:6.0;rep:100;rep:0.2;ene:1000;0;0;0;0;0;0;0;0;0;0;0;0;0;0;0;0;0;0;0;0;0;0;0;0;0;0;0;0;0;0;0;0;0;0;0;0;0;0;0;0;0;0;0;0;0;0;1;1;1;0;0;0;0;0;0;0;0;0;0;0;0;0;0;0;0;0;0;0;0;0;0;0;0;0;0;0;0;0;0;0;0;0;0;0;0;0;0;0;0;0;0;0;0;0;0;0;0
fuscus orientalis noveboracensis;bionts;siz:6;nut:800;def:20;att:12;spe:6.0;rep:125.211121598;rep:0.2;ene:1000;0;0;0;0;0;0;0;0;0;0;0;0;0;0;0;0;0;0;0;0;0;0;0;0;0;0;0;0;0;0;0;0;0;0;0;0;0;0;0;0;0;0;0;0;0;0;0;0;0;1;1;1;2;2;3;4;3;0;0;0;0;0;0;0;0;0;0;0;0;0;0;0;0;0;0;0;0;0;0;0;0;0;0;0;0;0;0;0;0;0;0;0;0;0;0;0;0
notos occidentalis caulos;bionts;siz:6;nut:800;def:20;att:10.7527166986;spe:8.22692540275;rep:97.6491515829;rep:0.2;ene:1000;0;0;0;0;0;0;0;0;0;0;0;0;0;0;0;0;0;0;0;0;0;0;0;0;0;0;0;0;0;0;0;0;0;0;0;0;0;0;0;0;0;0;0;0;0;0;0;0;0;0;0;0;0;0;0;0;0;0;0;0;0;0;0;0;0;0;0;0;0;0;0;0;0;0;0;0;0;0;0;0;0;0;0;0;0;0;0;1;1;0;0;0;0;0;0;0;0
lateralis ocean viridis;bionts;siz:6;nut:800;def:20;att:14.8871650409;spe:8.22692540275;rep:100;rep:0.238387213853;ene:1000;0;0;0;0;0;0;0;0;0;0;0;0;0;0;0;0;0;0;0;0;0;0;0;0;0;0;0;0;0;0;0;0;0;0;0;0;0;0;0;0;0;0;0;0;0;0;0;0;0;1;1;3;4;7;9;10;9;8;6;5;6;7;3;2;1;1;1;0;0;0;0;0;0;0;0;0;0;0;0;0;0;0;0;0;0;0;0;0;0;0;0;0;0;0;0;0;0
delphis baccatus rufus;bionts;siz:6;nut:800;def:20;att:12;spe:6.0;rep:100;rep:0.229076857536;ene:1000;0;0;0;0;0;0;0;0;0;0;0;0;0;0;0;0;0;0;0;0;0;0;0;0;0;0;0;0;0;0;0;2;4;8;13;14;9;6;6;3;1;0;0;0;0;0;0;0;0;0;0;0;0;0;0;0;0;0;0;0;0;0;0;0;0;0;0;0;0;0;0;0;0;0;0;0;0;0;0;0;0;0;0;0;0;0;0;0;0;0;0;0;0;0;0;0;0
canadensis volans lineatus;bionts;siz:5;nut:769.300253974;def:19.4883375662;att:11.7697519048;spe:6.15349873013;rep:100;rep:0.2;ene:1000;0;0;0;0;0;0;0;0;0;0;0;0;0;0;0;1;1;0;0;0;0;0;0;0;0;0;0;0;0;0;0;0;0;0;0;0;0;0;0;0;0;0;0;0;0;0;0;0;0;0;0;0;0;0;0;0;0;0;0;0;0;0;0;0;0;0;0;0;0;0;0;0;0;0;0;0;0;0;0;0;0;0;0;0;0;0;0;0;0;0;0;0;0;0;0;0;0
nanos decem luteus;bionts;siz:6;nut:800;def:20;att:11.9257344141;spe:8.22692540275;rep:100;rep:0.238387213853;ene:1000;0;0;0;0;0;0;0;0;0;0;0;0;0;0;0;0;0;0;0;0;0;0;0;0;0;0;0;0;0;0;0;0;0;0;0;0;0;0;0;0;0;0;0;0;0;0;0;0;0;0;0;0;0;0;0;0;0;0;1;2;3;4;3;3;1;0;0;0;0;0;0;0;0;0;0;0;0;0;0;0;0;0;0;0;0;0;0;0;0;0;0;0;0;0;0;0;0
pict novaehollandiae agrestis;bionts;siz:6;nut:800;def:20;att:12;spe:4.78214629812;rep:100;rep:0.2;ene:1000;0;0;0;0;0;0;0;0;0;0;0;0;0;0;0;0;0;0;0;0;0;0;0;0;0;0;0;0;0;0;0;0;0;0;0;0;0;0;0;0;0;0;0;0;0;0;0;0;0;0;0;0;0;0;0;0;0;0;0;0;0;0;0;0;0;0;0;0;0;0;0;0;0;0;0;2;2;3;2;1;0;0;0;0;0;0;0;0;0;0;0;0;0;0;0;0;0
canis minor gaster;bionts;siz:6;nut:800;def:20;att:12;spe:5.06187837553;rep:100;rep:0.2;ene:1000;0;0;0;0;0;0;0;0;0;0;0;0;0;0;0;1;1;0;0;0;0;0;0;0;0;0;0;0;0;0;0;0;0;0;0;0;0;0;0;0;0;0;0;0;0;0;0;0;0;0;0;0;0;0;0;0;0;0;0;0;0;0;0;0;0;0;0;0;0;0;0;0;0;0;0;0;0;0;0;0;0;0;0;0;0;0;0;0;0;0;0;0;0;0;0;0;0
rufus pterus ophis;bionts;siz:6;nut:800;def:18.646716046;att:12;spe:6.0;rep:100;rep:0.2;ene:1000;0;0;0;0;0;0;0;0;0;0;0;0;0;0;0;0;3;5;6;5;2;1;0;0;0;0;0;0;0;0;0;0;0;0;0;0;0;0;0;0;0;0;0;0;0;0;0;0;0;0;0;0;0;0;0;0;0;0;0;0;0;0;0;0;0;0;0;0;0;0;0;0;0;0;0;0;0;0;0;0;0;0;0;0;0;0;0;0;0;0;0;0;0;0;0;0;0
parvus dorsum arvensis;bionts;siz:6;nut:800;def:20;att:11.5289791141;spe:6.0;rep:100;rep:0.2;ene:1000;0;0;0;0;0;0;0;0;0;0;0;0;0;0;0;0;0;0;0;0;0;0;0;0;0;0;0;0;0;0;0;0;0;0;0;0;0;0;0;0;0;0;0;2;0;0;0;0;0;0;0;0;0;0;0;0;0;0;0;0;0;0;0;0;0;0;0;0;0;0;0;0;0;0;0;0;0;0;0;0;0;0;0;0;0;0;0;0;0;0;0;0;0;0;0;0;0
reptans enanti tenuis;bionts;siz:6;nut:800;def:20;att:11.181136249;spe:6.0;rep:100;rep:0.2;ene:1000;0;0;0;0;0;0;0;0;0;0;1;2;3;5;6;5;3;3;3;1;0;0;0;0;0;0;0;0;0;0;0;0;0;0;0;0;0;0;0;0;0;0;0;0;0;0;0;0;0;0;0;0;0;0;0;0;0;0;0;0;0;0;0;0;0;0;0;0;0;0;0;0;0;0;0;0;0;0;0;0;0;0;0;0;0;0;0;0;0;0;0;0;0;0;0;0;0
novaeseelandiae sapiens major;bionts;siz:6;nut:839.782559421;def:20.663042657;att:12.2983691957;spe:5.80108720289;rep:100;rep:0.2;ene:1000;0;0;0;0;0;0;0;0;0;0;0;0;1;1;1;1;0;0;0;0;0;0;0;0;0;0;0;0;0;0;0;0;0;0;0;0;0;0;0;0;0;0;0;0;0;0;0;0;0;0;0;0;0;0;0;0;0;0;0;0;0;0;0;0;0;0;0;0;0;0;0;0;0;0;0;0;0;0;0;0;0;0;0;0;0;0;0;0;0;0;0;0;0;0;0;0;0
novem apis costatus;bionts;siz:6;nut:924;def:20;att:13.4738153314;spe:6.0;rep:100;rep:0.2;ene:1000;0;0;0;0;0;0;0;0;0;0;0;0;0;0;0;0;0;0;0;0;0;0;0;0;0;0;0;0;0;0;0;1;1;0;0;0;0;0;0;0;0;0;0;0;0;0;0;0;0;0;0;0;0;0;0;0;0;0;0;0;0;0;0;0;0;0;0;0;0;0;0;0;0;0;0;0;0;0;0;0;0;0;0;0;0;0;0;0;0;0;0;0;0;0;0;0;0
variabilis viridis aureus;bionts;siz:6;nut:800;def:20;att:11.3045967386;spe:6.0;rep:100;rep:0.2;ene:1000;0;0;0;0;0;0;0;0;0;0;0;0;0;0;0;1;1;0;0;0;0;0;0;0;0;0;0;0;0;0;0;0;0;0;0;0;0;0;0;0;0;0;0;0;0;0;0;0;0;0;0;0;0;0;0;0;0;0;0;0;0;0;0;0;0;0;0;0;0;0;0;0;0;0;0;0;0;0;0;0;0;0;0;0;0;0;0;0;0;0;0;0;0;0;0;0;0
glabra triquetrus agrestis;bionts;siz:6;nut:800;def:20;att:12;spe:6.0;rep:100;rep:0.179380259299;ene:1000;0;0;0;0;0;0;0;0;0;0;0;1;1;0;0;0;0;0;0;0;0;0;0;0;0;0;0;0;0;0;0;0;0;0;0;0;0;0;0;0;0;0;0;0;0;0;0;0;0;0;0;0;0;0;0;0;0;0;0;0;0;0;0;0;0;0;0;0;0;0;0;0;0;0;0;0;0;0;0;0;0;0;0;0;0;0;0;0;0;0;0;0;0;0;0;0;0
xanthos elatior borealis;bionts;siz:6;nut:800;def:19.491666471;att:9.1449107345;spe:6.0;rep:100;rep:0.2;ene:1000;0;0;0;0;0;0;0;0;0;0;0;0;0;0;0;0;0;0;0;0;0;0;0;0;0;0;0;0;0;0;2;2;2;1;0;0;0;0;0;0;0;0;0;0;0;0;0;0;0;0;0;0;0;0;0;0;0;0;0;0;0;0;0;0;0;0;0;0;0;0;0;0;0;0;0;0;0;0;0;0;0;0;0;0;0;0;0;0;0;0;0;0;0;0;0;0;0
erectus officinalis derma;bionts;siz:6;nut:800;def:20;att:9.1449107345;spe:6.0;rep:112.831772663;rep:0.2;ene:1000;0;0;0;0;0;0;0;0;0;0;0;0;0;0;0;0;0;0;0;0;0;0;0;0;0;0;0;0;1;1;0;0;0;0;0;0;0;0;0;0;0;0;0;0;0;0;0;0;0;0;0;0;0;0;0;0;0;0;0;0;0;0;0;0;0;0;0;0;0;0;0;0;0;0;0;0;0;0;0;0;0;0;0;0;0;0;0;0;0;0;0;0;0;0;0;0;0
zygos blandus notos;bionts;siz:6;nut:1039;def:20;att:12;spe:6.0;rep:100;rep:0.2;ene:1000;0;0;0;0;0;0;0;0;0;0;0;0;0;0;0;0;0;0;0;0;0;0;0;0;0;0;0;0;0;0;0;0;0;0;0;0;0;0;0;0;0;0;0;0;1;1;1;0;0;0;0;0;0;0;0;0;0;0;0;0;0;0;0;0;0;0;0;0;0;0;0;0;0;0;0;0;0;0;0;0;0;0;0;0;0;0;0;0;0;0;0;0;0;0;0;0;0
agrestis leucos rhiza;bionts;siz:6;nut:800;def:20;att:13.3881335763;spe:6.0;rep:100;rep:0.2;ene:1000;0;0;0;0;0;0;0;0;0;0;0;0;0;0;0;0;0;0;1;1;0;0;0;0;0;0;0;0;0;0;0;0;0;0;0;0;0;0;0;0;0;0;0;0;0;0;0;0;0;0;0;0;0;0;0;0;0;0;0;0;0;0;0;0;0;0;0;0;0;0;0;0;0;0;0;0;0;0;0;0;0;0;0;0;0;0;0;0;0;0;0;0;0;0;0;0;0
malabaricus occidentalis novaeseelandiae;bionts;siz:6;nut:800;def:23.1263175793;att:12;spe:6.0;rep:100;rep:0.2;ene:1000;0;0;0;0;0;0;0;0;0;0;0;0;0;0;0;0;0;0;0;0;0;0;0;0;0;0;0;0;0;0;0;0;0;0;0;0;0;1;2;4;3;4;2;1;0;0;0;0;0;0;0;0;0;0;0;0;0;0;0;0;0;0;0;0;0;0;0;0;0;0;0;0;0;0;0;0;0;0;0;0;0;0;0;0;0;0;0;0;0;0;0;0;0;0;0;0;0
lepis verrucosus caulos;bionts;siz:6;nut:800;def:25.9371216835;att:14.8871650409;spe:7.63363511898;rep:100;rep:0.2;ene:1000;0;0;0;0;0;0;0;0;0;0;0;0;0;0;0;0;0;0;0;0;0;0;0;0;0;0;0;0;0;0;0;0;1;2;2;2;2;2;4;6;6;5;4;1;0;0;0;0;0;0;0;0;0;0;0;0;0;0;0;0;0;0;0;0;0;0;0;0;0;0;0;0;0;0;0;0;0;0;0;0;0;0;0;0;0;0;0;0;0;0;0;0;0;0;0;0;0
leucos delphis septem;bionts;siz:6;nut:800;def:20;att:11.9251341823;spe:6.0;rep:71.7227718886;rep:0.20536953995;ene:1000;0;0;0;0;0;0;0;0;0;0;0;0;0;0;2;4;10;16;18;15;11;7;2;1;0;0;0;0;0;0;0;0;0;0;0;0;0;0;0;0;0;0;0;0;0;0;0;0;0;0;0;0;0;0;0;0;0;0;0;0;0;0;0;0;0;0;0;0;0;0;0;0;0;0;0;0;0;0;0;0;0;0;0;0;0;0;0;0;0;0;0;0;0;0;0;0;0
lepton tardus variegatus;bionts;siz:6;nut:909;def:20;att:12;spe:6.0;rep:100;rep:0.2;ene:1000;0;0;0;0;0;0;0;0;0;0;0;0;0;0;0;0;0;0;0;0;0;0;0;0;0;0;0;0;0;0;0;0;0;0;0;0;0;0;0;0;0;0;0;1;1;1;0;0;0;0;0;0;0;0;0;0;0;0;0;0;0;0;0;0;0;0;0;0;0;0;0;0;0;0;0;0;0;0;0;0;0;0;0;0;0;0;0;0;0;0;0;0;0;0;0;0;0
striatus parvus corax;bionts;siz:6;nut:800;def:20;att:12;spe:7.63363511898;rep:107.193265168;rep:0.2;ene:1000;0;0;0;0;0;0;0;0;0;0;0;0;0;0;0;0;0;0;0;0;0;0;0;0;0;0;0;0;0;0;0;0;0;0;0;0;0;0;0;0;0;0;0;0;1;1;0;0;0;0;0;0;0;0;0;0;0;0;0;0;0;0;0;0;0;0;0;0;0;0;0;0;0;0;0;0;0;0;0;0;0;0;0;0;0;0;0;0;0;0;0;0;0;0;0;0;0
major ophis nona;bionts;siz:6;nut:800;def:20;att:10.2057800014;spe:6.0;rep:100;rep:0.2;ene:1000;0;0;0;0;0;0;0;0;0;0;0;0;0;0;0;0;0;0;0;0;0;0;0;0;0;0;0;0;0;0;0;0;0;0;0;0;0;0;0;0;0;0;0;0;0;0;0;0;0;0;0;0;0;0;0;0;0;0;0;0;0;0;0;0;0;0;0;0;0;0;0;0;0;0;0;0;0;0;0;0;0;0;0;0;0;0;0;1;1;0;0;0;0;0;0;0;0
albopictus pholis triquetrus;bionts;siz:6;nut:800;def:20;att:9.1449107345;spe:6.0;rep:99.1112717559;rep:0.172989798348;ene:1000;0;0;0;0;0;0;0;0;0;0;0;0;0;0;0;0;0;0;0;0;0;0;0;0;0;0;0;0;0;0;0;0;0;0;0;0;0;0;0;0;0;0;0;0;0;0;0;0;0;0;0;0;0;0;0;0;0;0;0;0;0;0;0;0;0;0;0;0;0;0;0;0;0;0;0;0;0;0;0;0;1;1;1;0;0;0;0;0;0;0;0;0;0;0;0;0;0
sanguis virginiana acuta;bionts;siz:6;nut:691;def:20;att:12;spe:6.0;rep:100;rep:0.2;ene:1000;0;0;0;0;0;0;0;0;0;0;1;2;2;1;0;0;0;0;0;0;0;0;0;0;0;0;0;0;0;0;0;0;0;0;0;0;0;0;0;0;0;0;0;0;0;0;0;0;0;0;0;0;0;0;0;0;0;0;0;0;0;0;0;0;0;0;0;0;0;0;0;0;0;0;0;0;0;0;0;0;0;0;0;0;0;0;0;0;0;0;0;0;0;0;0;0;0
canescens unus noveboracensis;bionts;siz:6;nut:800;def:20;att:9.1449107345;spe:6.01399550408;rep:100;rep:0.2;ene:1000;0;0;0;0;0;0;0;0;0;0;0;0;0;0;0;0;0;0;0;0;0;0;0;0;0;0;0;0;0;0;0;0;0;0;0;0;0;0;0;0;0;0;0;0;0;0;0;0;0;0;0;0;0;0;0;0;0;0;0;0;0;0;0;1;1;1;0;0;0;0;0;0;0;0;0;0;0;0;0;0;0;0;0;0;0;0;0;0;0;0;0;0;0;0;0;0;0
caecus crocos versicolor;bionts;siz:5;nut:721.073339747;def:19.7473621723;att:11.8863129775;spe:6.07579134832;rep:100;rep:0.2;ene:1000;0;0;0;0;0;0;0;0;0;0;0;0;0;0;0;0;0;0;0;0;0;0;0;0;0;0;0;0;0;0;0;0;0;0;0;0;0;0;0;0;0;0;0;0;0;0;0;0;0;0;0;0;0;0;0;0;0;0;0;0;0;0;0;0;0;0;0;0;0;0;0;0;0;0;0;0;0;0;0;0;0;1;1;1;2;1;0;0;0;0;0;0;0;0;0;0;0
pulchellus costatus erectus;bionts;siz:6;nut:800;def:20;att:9.1449107345;spe:6.0;rep:80.1829913542;rep:0.2;ene:1000;0;0;0;0;0;0;0;0;0;0;0;0;0;0;0;0;0;0;0;0;0;0;0;0;0;0;0;0;0;0;0;0;0;0;0;0;0;0;0;0;0;0;0;0;0;0;0;0;0;0;0;0;0;0;0;0;0;0;0;0;0;0;0;0;0;0;0;0;0;0;1;1;1;0;0;0;0;0;0;0;0;0;0;0;0;0;0;0;0;0;0;0;0;0;0;0;0
striatus silvestris nothos;bionts;siz:6;nut:647;def:20;att:12;spe:6.0;rep:100;rep:0.2;ene:1000;0;0;0;0;0;0;0;0;0;0;0;0;0;0;0;0;0;0;0;0;0;0;0;0;0;0;0;0;0;0;0;0;0;0;0;0;0;0;0;0;0;0;0;0;0;0;0;0;0;0;0;0;0;0;0;0;0;0;0;0;0;0;0;0;1;2;4;7;7;6;4;2;1;0;0;0;0;0;0;0;0;0;0;0;0;0;0;0;0;0;0;0;0;0;0;0;0
volans unus ops;bionts;siz:6;nut:759;def:20;att:12;spe:6.0;rep:100;rep:0.2;ene:1000;0;0;0;0;0;0;0;0;0;0;0;0;0;0;0;0;0;0;0;0;0;0;0;0;0;0;0;0;0;0;0;0;0;0;0;0;0;0;0;0;0;0;0;0;0;0;0;0;0;0;0;0;0;0;0;0;0;0;0;0;0;0;0;0;0;0;0;0;0;0;0;0;0;0;0;0;0;0;0;0;0;0;0;0;1;1;0;0;0;0;0;0;0;0;0;0;0
disc virginiana mus;bionts;siz:7;nut:901.087735005;def:21.6847955834;att:15.8277336625;spe:7.53389102357;rep:100;rep:0.2;ene:1000;0;0;0;0;0;0;0;0;0;0;0;0;0;0;0;0;0;0;0;0;0;0;0;0;0;0;0;0;0;0;0;0;0;1;1;1;0;0;0;0;0;0;0;0;0;0;0;0;0;0;0;0;0;0;0;0;0;0;0;0;0;0;0;0;0;0;0;0;0;0;0;0;0;0;0;0;0;0;0;0;0;0;0;0;0;0;0;0;0;0;0;0;0;0;0;0;0
leucos saura palustris;bionts;siz:6;nut:800;def:20;att:12;spe:6.0;rep:100;rep:0.171878368087;ene:1000;0;0;0;0;0;0;0;0;0;0;0;0;0;0;0;0;0;0;0;0;0;0;0;0;0;0;0;0;0;0;0;0;0;0;0;0;0;0;0;0;0;0;0;0;0;0;0;0;0;0;0;0;0;0;0;0;0;0;0;0;0;0;0;0;0;0;0;1;1;1;2;2;3;3;1;0;0;0;0;0;0;0;0;0;0;0;0;0;0;0;0;0;0;0;0;0;0
dulcis leucos nothos;bionts;siz:6;nut:800;def:20;att:12.6033459205;spe:6.0;rep:100;rep:0.2;ene:1000;0;0;0;0;0;0;0;0;0;0;0;0;0;0;0;0;0;0;0;0;0;0;0;0;0;0;0;0;0;0;0;0;0;0;0;0;0;0;0;0;0;0;0;0;0;0;0;0;0;0;0;0;0;0;0;0;0;0;0;0;0;0;0;0;0;0;0;0;0;0;0;0;0;0;0;1;0;0;0;0;0;0;0;0;0;0;0;0;0;0;0;0;0;0;0;0;0
vernus zygos praecox;bionts;siz:6;nut:817.365214257;def:20.2894202376;att:12.1302391069;spe:5.91317392871;rep:100;rep:0.2;ene:1000;0;0;0;0;0;0;0;0;0;0;0;0;0;0;0;0;0;0;0;0;0;0;0;0;0;0;0;0;0;0;0;0;0;0;0;0;0;0;0;0;0;0;0;0;0;0;0;0;0;0;0;0;0;0;0;0;0;0;0;0;0;0;0;0;0;0;1;2;2;1;0;0;0;0;0;0;0;0;0;0;0;0;0;0;0;0;0;0;0;0;0;0;0;0;0;0;0
eburnea montanus hortensis;bionts;siz:6;nut:800;def:20;att:12;spe:7.63363511898;rep:100;rep:0.2;ene:1000;0;0;0;0;0;0;0;0;2;3;4;5;6;8;10;10;12;18;20;23;24;22;23;24;23;22;22;22;27;28;34;32;34;29;26;27;29;30;27;25;21;22;22;23;19;17;16;15;16;22;21;26;33;25;17;12;10;12;14;12;10;7;7;7;5;5;5;8;7;7;3;1;1;1;0;0;0;0;0;0;0;0;0;0;0;0;0;0;0;0;0;0;0;0;0;0;0
orientalis suchos praecox;bionts;siz:6;nut:800;def:20;att:12;spe:8.30396366415;rep:100;rep:0.2;ene:1000;0;0;0;0;0;0;0;0;0;0;0;0;0;0;0;0;0;0;0;0;0;0;1;1;1;0;0;0;0;0;0;0;0;0;0;0;0;0;0;0;0;0;0;0;0;0;0;0;0;0;0;0;0;0;0;0;0;0;0;0;0;0;0;0;0;0;0;0;0;0;0;0;0;0;0;0;0;0;0;0;0;0;0;0;0;0;0;0;0;0;0;0;0;0;0;0;0
elegans blandus nona;bionts;siz:6;nut:800;def:25.1588832545;att:12;spe:7.63363511898;rep:100;rep:0.2;ene:1000;0;0;0;0;0;0;0;0;0;0;0;0;0;0;0;0;0;0;0;0;0;0;0;0;0;0;0;0;0;0;0;0;0;0;1;1;0;0;0;0;0;0;0;0;0;0;0;0;0;0;0;0;0;0;0;0;0;0;0;0;0;0;0;0;0;0;0;0;0;0;0;0;0;0;0;0;0;0;0;0;0;0;0;0;0;0;0;0;0;0;0;0;0;0;0;0;0
albopictus rostralis strictus;bionts;siz:6;nut:800;def:20;att:12.2114904091;spe:6.0;rep:100;rep:0.2;ene:1000;0;0;0;0;0;0;0;0;0;0;0;0;0;0;0;0;0;0;0;0;0;0;0;0;0;0;0;0;0;0;0;0;0;0;0;0;0;0;0;0;0;0;0;0;0;0;0;0;0;0;0;0;0;0;0;0;0;0;0;0;0;0;0;0;0;0;0;0;0;1;1;2;4;5;4;4;4;5;5;5;3;1;1;0;0;0;0;0;0;0;0;0;0;0;0;0;0
oleum flavus coronatus;bionts;siz:6;nut:800;def:20;att:9.1449107345;spe:6.0;rep:77.3467796553;rep:0.2;ene:1000;0;0;0;0;0;0;0;0;0;0;0;0;0;0;0;0;0;0;0;0;0;0;0;0;0;0;0;0;0;0;0;0;0;0;0;0;0;0;0;0;0;1;1;1;0;0;0;0;0;0;0;0;0;0;0;0;0;0;0;0;0;0;0;0;0;0;0;0;0;0;0;0;0;0;0;0;0;0;0;0;0;0;0;0;0;0;0;0;0;0;0;0;0;0;0;0;0
canus microphylla albopictus;bionts;siz:6;nut:800;def:20;att:12;spe:7.63363511898;rep:104.567241029;rep:0.2;ene:1000;0;0;0;0;0;0;0;0;0;0;0;0;0;0;0;0;0;0;0;0;0;0;0;0;0;0;0;0;0;0;0;0;0;0;0;0;0;0;1;1;1;0;0;0;0;0;0;0;0;0;0;0;0;0;0;0;0;0;0;0;0;0;0;0;0;0;0;0;0;0;0;0;0;0;0;0;0;0;0;0;0;0;0;0;0;0;0;0;0;0;0;0;0;0;0;0;0
tres microphylla erio;bionts;siz:6;nut:790;def:20;att:12;spe:7.63363511898;rep:100;rep:0.2;ene:1000;0;0;0;0;0;0;0;0;0;0;0;0;0;0;0;0;0;0;0;0;0;0;0;0;0;0;0;0;0;0;0;0;0;0;0;0;0;0;0;0;0;0;0;0;0;0;0;0;0;0;0;0;1;0;0;0;0;0;0;0;0;0;0;0;0;0;0;0;0;0;0;0;0;0;0;0;0;0;0;0;0;0;0;0;0;0;0;0;0;0;0;0;0;0;0;0;0
orientalis latus ensis;bionts;siz:6;nut:800;def:23.4553209118;att:10.7527166986;spe:8.22692540275;rep:100;rep:0.2;ene:1000;0;0;0;0;0;0;0;0;0;0;0;0;0;0;0;0;0;0;0;0;0;0;0;0;0;0;0;0;0;0;0;0;0;0;0;0;0;0;0;0;0;0;0;0;0;0;0;0;0;0;0;0;0;0;0;0;0;0;0;0;0;0;0;0;0;0;0;0;0;0;0;0;0;0;0;0;0;0;0;2;2;1;0;0;0;0;0;0;0;0;0;0;0;0;0;0;0
nona strictus oleum;bionts;siz:6;nut:805.461970084;def:20.0910328347;att:12.0409647756;spe:5.97269014958;rep:100;rep:0.2;ene:1000;0;0;0;0;0;0;0;0;0;0;0;0;0;0;0;0;0;0;0;0;0;0;0;0;0;0;0;0;0;0;1;2;3;3;2;1;1;1;0;0;0;0;0;0;0;0;0;0;0;0;0;0;0;0;0;0;0;0;0;0;0;0;0;0;0;0;0;0;0;0;0;0;0;0;0;0;0;0;0;0;0;0;0;0;0;0;0;0;0;0;0;0;0;0;0;0;0
vernalis occidentalis noveboracensis;bionts;siz:6;nut:798;def:20;att:12;spe:6.0;rep:100;rep:0.2;ene:1000;0;0;0;0;0;0;0;0;0;0;0;1;1;0;0;0;0;0;0;0;0;0;0;0;0;0;0;0;0;0;0;0;0;0;0;0;0;0;0;0;0;0;0;0;0;0;0;0;0;0;0;0;0;0;0;0;0;0;0;0;0;0;0;0;0;0;0;0;0;0;0;0;0;0;0;0;0;0;0;0;0;0;0;0;0;0;0;0;0;0;0;0;0;0;0;0;0
flor maximus tinctorius;bionts;siz:6;nut:800;def:23.1469010361;att:11.6840578445;spe:9.84969531645;rep:100;rep:0.2;ene:1000;0;0;0;0;0;0;0;0;0;0;0;0;0;0;0;0;0;0;0;0;0;0;0;0;0;0;0;0;0;0;0;0;0;0;0;0;0;0;0;0;0;0;0;0;0;0;0;0;0;0;0;0;0;0;0;0;0;0;0;0;0;0;0;0;0;0;0;0;0;0;0;0;0;0;0;0;0;0;0;0;0;0;0;0;0;0;0;0;0;0;0;1;2;2;3;4;5
notos cristatus vernalis;bionts;siz:6;nut:800;def:20;att:10.7527166986;spe:8.22692540275;rep:80.1932092626;rep:0.2;ene:1000;0;0;0;0;0;0;0;0;0;0;0;0;0;0;0;0;0;0;0;0;0;0;0;0;0;0;0;0;0;0;0;0;0;0;0;0;0;0;0;0;0;0;0;0;0;0;0;0;0;0;0;0;0;0;0;0;0;0;0;0;0;0;0;0;0;0;0;0;0;0;0;0;0;0;0;0;0;0;0;0;0;0;0;0;0;0;0;0;0;0;0;1;5;7;6;3;0
strictus baccatus lineatus;bionts;siz:6;nut:800;def:16.5627928217;att:14.8871650409;spe:8.22692540275;rep:100;rep:0.238387213853;ene:1000;0;0;0;0;0;0;0;0;0;0;0;0;0;0;0;0;0;0;0;0;0;0;0;0;0;0;0;0;0;0;0;0;0;0;0;0;0;0;0;0;0;0;0;0;0;0;0;0;0;0;0;0;0;0;0;0;0;0;0;1;1;1;1;0;0;0;0;0;0;0;0;0;0;0;0;0;0;0;0;0;0;0;0;0;0;0;0;0;0;0;0;0;0;0;0;0;0
palustris lateralis caeruleus;bionts;siz:6;nut:800;def:20;att:13.4738153314;spe:6.0;rep:100;rep:0.2;ene:1000;0;0;0;0;0;0;0;0;0;0;0;0;0;0;0;0;0;0;0;0;0;0;0;0;0;0;0;0;0;0;2;4;5;4;0;0;0;0;0;0;0;0;0;0;0;0;0;0;0;0;0;0;0;0;0;0;0;0;0;0;0;0;0;0;0;0;0;0;0;0;0;0;0;0;0;0;0;0;0;0;0;0;0;0;0;0;0;0;0;0;0;0;0;0;0;0;0
ura lineatus obscurus;bionts;siz:6;nut:800;def:22.4642386558;att:12;spe:7.63363511898;rep:100;rep:0.2;ene:1000;0;0;0;0;0;0;0;0;0;0;0;0;0;0;0;0;0;0;0;0;0;0;0;0;0;0;0;0;0;0;0;0;0;0;0;0;0;1;1;0;0;0;0;0;0;0;0;0;0;0;0;0;0;0;0;0;0;0;0;0;0;0;0;0;0;0;0;0;0;0;0;0;0;0;0;0;0;0;0;0;0;0;0;0;0;0;0;0;0;0;0;0;0;0;0;0;0
caulos strictus verrucosus;bionts;siz:6;nut:928;def:20;att:9.1449107345;spe:6.0;rep:100;rep:0.2;ene:1000;0;0;0;0;0;0;0;0;0;0;0;0;0;0;0;0;0;0;0;0;0;0;0;0;0;0;0;0;0;0;0;0;1;1;1;0;0;0;0;0;0;0;0;0;0;0;0;0;0;0;0;0;0;0;0;0;0;0;0;0;0;0;0;0;0;0;0;0;0;0;0;0;0;0;0;0;0;0;0;0;0;0;0;0;0;0;0;0;0;0;0;0;0;0;0;0;0
delphis acutus dulcis;bionts;siz:6;nut:800;def:21.7550684993;att:12;spe:6.0;rep:100;rep:0.2;ene:1000;0;0;0;0;0;0;0;0;0;0;0;0;0;0;0;0;0;0;0;0;0;0;0;0;0;0;0;0;0;0;0;0;0;0;0;0;0;0;0;0;0;0;0;0;0;0;0;0;0;0;0;1;2;2;1;0;0;0;0;0;0;0;0;0;0;0;0;0;0;0;0;0;0;0;0;0;0;0;0;0;0;0;0;0;0;0;0;0;0;0;0;0;0;0;0;0;0
aquaticus crassus pelag;bionts;siz:6;nut:775.74775987;def:20.7391883877;att:12.3326347744;spe:5.7782434837;rep:100;rep:0.2;ene:1000;0;0;0;0;0;0;0;0;0;0;0;0;0;0;0;0;0;0;0;0;0;0;0;0;0;0;0;0;0;0;0;0;0;0;0;0;0;0;0;0;0;0;0;0;0;0;0;0;0;0;0;0;0;0;0;0;0;0;0;0;0;0;0;0;0;0;0;0;0;0;0;0;0;0;0;0;1;1;1;0;0;0;0;0;0;0;0;0;0;0;0;0;0;0;0;0;0
notos caeruleus familiaris;bionts;siz:6;nut:800;def:20;att:12;spe:7.63363511898;rep:98.2041782034;rep:0.2;ene:1000;0;0;0;0;0;0;0;0;0;0;0;0;0;0;0;0;0;0;0;0;0;0;0;0;0;0;0;0;0;0;0;1;2;3;3;4;2;1;1;0;0;0;0;0;0;0;0;0;0;0;0;0;0;0;0;0;0;0;0;0;0;0;0;0;0;0;0;0;0;0;0;0;0;0;0;0;0;0;0;0;0;0;0;0;0;0;0;0;0;0;0;0;0;0;0;0;0
vernus rubra novaehollandiae;bionts;siz:6;nut:800;def:20;att:17.9819181612;spe:8.22692540275;rep:100;rep:0.2;ene:1000;0;0;0;0;0;0;0;0;0;0;0;0;0;0;0;0;0;0;0;0;0;0;0;0;0;0;0;0;0;0;0;0;0;0;0;0;0;0;0;0;0;0;0;0;0;0;0;0;0;0;0;0;0;0;0;1;1;0;0;0;0;0;0;0;0;0;0;0;0;0;0;0;0;0;0;0;0;0;0;0;0;0;0;0;0;0;0;0;0;0;0;0;0;0;0;0;0
rhiza haema major;bionts;siz:6;nut:800;def:20;att:12;spe:7.63363511898;rep:100;rep:0.251194860952;ene:1000;0;0;0;0;0;0;0;0;0;0;0;0;0;0;0;0;0;0;0;0;0;0;0;0;0;0;0;0;0;0;0;0;0;0;0;0;0;0;0;0;0;0;0;0;0;0;0;0;0;0;0;1;1;0;0;0;0;0;0;0;0;0;0;0;0;0;0;0;0;0;0;0;0;0;0;0;0;0;0;0;0;0;0;0;0;0;0;0;0;0;0;0;0;0;0;0;0
canescens rhyti aureus;bionts;siz:6;nut:733;def:20;att:12;spe:6.0;rep:100;rep:0.2;ene:1000;0;0;0;0;0;0;0;0;0;0;0;0;0;0;1;1;1;0;0;0;0;0;0;0;0;0;0;0;0;0;0;0;0;0;0;0;0;0;0;0;0;0;0;0;0;0;0;0;0;0;0;0;0;0;0;0;0;0;0;0;0;0;0;0;0;0;0;0;0;0;0;0;0;0;0;0;0;0;0;0;0;0;0;0;0;0;0;0;0;0;0;0;0;0;0;0;0
triquetrus flavus baccatus;bionts;siz:6;nut:800;def:20;att:10.7527166986;spe:9.84969531645;rep:100;rep:0.2;ene:1000;0;0;0;0;0;0;0;0;0;0;0;0;0;0;0;0;0;0;0;0;0;0;0;0;0;0;0;0;0;0;0;0;0;0;0;0;0;0;0;0;0;0;0;0;0;0;0;0;0;0;0;0;0;0;0;0;0;0;0;0;0;0;0;0;0;0;0;0;0;0;0;0;0;0;0;0;0;2;1;1;1;0;0;0;0;0;0;0;0;0;0;0;0;0;0;0;0
fulvus triquetrus aquaticus;bionts;siz:6;nut:735;def:20;att:10.8107750492;spe:6.0;rep:100;rep:0.2;ene:1000;0;0;0;0;0;0;0;0;0;0;0;0;0;0;0;0;0;0;0;0;0;0;0;0;0;0;0;0;0;0;0;0;0;0;0;0;0;0;0;0;0;0;0;0;0;0;0;0;0;0;0;0;0;0;0;0;0;0;0;0;0;0;0;0;0;0;0;0;0;0;0;0;1;2;3;3;1;0;0;0;0;0;0;0;0;0;0;0;0;0;0;0;0;0;0;0;0
lepus mys aquaticus;bionts;siz:6;nut:800;def:20;att:12;spe:6.0;rep:100;rep:0.234795349165;ene:1000;0;0;0;0;0;0;0;0;0;0;0;0;0;0;0;0;0;0;0;0;0;0;0;0;0;0;0;0;0;0;0;0;0;0;0;0;0;0;0;0;0;0;0;0;0;1;1;0;0;0;0;0;0;0;0;0;0;0;0;0;0;0;0;0;0;0;0;0;0;0;0;0;0;0;0;0;0;0;0;0;0;0;0;0;0;0;0;0;0;0;0;0;0;0;0;0;0
nona petra tinctorius;bionts;siz:6;nut:800;def:14.5688724845;att:12;spe:6.0;rep:100;rep:0.2;ene:1000;0;0;0;0;0;2;3;4;3;5;4;4;3;4;3;2;2;1;0;0;0;0;0;0;0;0;0;0;0;0;0;0;0;0;0;0;0;0;0;0;0;0;0;0;0;0;0;0;0;0;0;0;0;0;0;0;0;0;0;0;0;0;0;0;0;0;0;0;0;0;0;0;0;0;0;0;0;0;0;0;0;0;0;0;0;0;0;0;0;0;0;0;0;0;0;0;0
ventralis viridis caeruleus;bionts;siz:6;nut:802.438484897;def:20.0406414149;att:12.0182886367;spe:5.98780757552;rep:100;rep:0.2;ene:1000;0;0;0;0;0;0;0;0;0;0;0;0;0;0;0;1;1;1;0;0;0;0;0;0;0;0;0;0;0;0;0;0;0;0;0;0;0;0;0;0;0;0;0;0;0;0;0;0;0;0;0;0;0;0;0;0;0;0;0;0;0;0;0;0;0;0;0;0;0;0;0;0;0;0;0;0;0;0;0;0;0;0;0;0;0;0;0;0;0;0;0;0;0;0;0;0;0
phago parvus ampulla;bionts;siz:6;nut:800;def:25.8487691056;att:12;spe:6.0;rep:100;rep:0.2;ene:1000;0;0;0;0;0;0;0;0;0;0;0;0;0;0;0;0;0;0;0;0;0;0;0;0;0;0;0;0;0;0;0;0;0;0;0;0;0;0;0;0;0;0;0;0;0;0;0;0;0;0;0;0;0;0;0;0;1;1;1;0;0;0;0;0;0;0;0;0;0;0;0;0;0;0;0;0;0;0;0;0;0;0;0;0;0;0;0;0;0;0;0;0;0;0;0;0;0
cephaloceps rostralis canescens;bionts;siz:6;nut:800;def:15.0785749493;att:12;spe:6.0;rep:100;rep:0.2;ene:1000;0;0;0;0;0;0;0;0;0;0;0;0;0;0;0;0;0;0;0;0;0;0;0;0;0;0;0;0;0;0;0;0;0;0;0;0;0;0;0;0;0;0;0;0;0;0;0;0;0;0;0;0;0;0;0;0;0;0;0;0;0;0;0;1;0;0;0;0;0;0;0;0;0;0;0;0;0;0;0;0;0;0;0;0;0;0;0;0;0;0;0;0;0;0;0;0;0
triquetrus albopictus verus;bionts;siz:4;nut:717.044385041;def:18.6174064174;att:11.3778328878;spe:6.41477807479;rep:75.4498380388;rep:0.2;ene:1000;0;0;0;0;0;0;0;0;0;0;0;0;0;0;0;0;0;0;0;0;0;0;0;0;0;0;1;1;0;0;0;0;0;0;0;0;0;0;0;0;0;0;0;0;0;0;0;0;0;0;0;0;0;0;0;0;0;0;0;0;0;0;0;0;0;0;0;0;0;0;0;0;0;0;0;0;0;0;0;0;0;0;0;0;0;0;0;0;0;0;0;0;0;0;0;0;0
verus lepton malabaricus;bionts;siz:6;nut:800;def:20;att:9.1449107345;spe:6.0;rep:100;rep:0.2;ene:1000;0;0;0;0;0;0;0;0;0;0;0;0;0;0;0;0;0;0;0;2;2;2;2;6;6;8;7;10;13;13;14;14;14;8;7;7;10;10;12;14;12;11;14;12;15;15;8;4;7;10;11;11;5;4;5;3;4;4;8;6;8;8;16;17;21;21;21;22;18;23;21;14;11;4;5;2;3;4;5;5;3;4;1;1;0;0;0;0;0;0;0;0;0;0;0;0;0
sanguis mys occidentalis;bionts;siz:6;nut:800;def:20;att:9.1449107345;spe:6.97703982137;rep:100;rep:0.2;ene:1000;0;0;0;0;0;0;0;0;0;0;0;0;0;0;0;0;0;0;0;0;0;0;0;0;0;0;0;0;0;2;2;3;2;0;0;0;0;0;0;0;0;0;0;0;0;0;0;0;0;0;0;0;0;0;0;0;0;0;0;0;0;0;0;0;0;0;0;0;0;0;0;0;0;0;0;0;0;0;0;0;0;0;0;0;0;0;0;0;0;0;0;0;0;0;0;0;0
costatus ocean elatior;bionts;siz:6;nut:800;def:20;att:9.1449107345;spe:6.0;rep:99.1112717559;rep:0.2;ene:1000;0;0;0;0;0;0;0;0;0;0;0;0;0;0;0;0;0;0;0;0;0;0;0;0;0;0;0;0;0;0;0;0;0;0;0;0;0;0;0;0;0;0;0;0;0;0;0;0;0;0;0;0;0;0;0;0;0;0;0;0;0;0;0;0;0;0;1;1;2;3;4;3;3;3;3;2;3;3;4;7;5;4;4;4;3;6;2;0;0;0;0;0;0;0;0;0;0
cauda homo baccatus;bionts;siz:5;nut:790.149376751;def:19.8358229459;att:10.6865160979;spe:8.29445902162;rep:100;rep:0.2;ene:1000;0;0;0;0;0;0;0;0;0;0;0;0;0;0;0;0;0;0;0;0;0;0;0;0;0;0;0;0;0;0;0;0;0;0;0;0;0;0;0;0;0;0;0;0;0;0;0;0;0;0;0;0;0;0;0;0;0;0;0;0;0;0;0;0;0;0;0;0;0;0;0;0;0;0;0;0;0;0;0;0;0;0;0;0;0;2;4;8;4;2;1;0;0;0;0;0;0
nanos indicus vulgaris;bionts;siz:4;nut:717.044385041;def:18.6174064174;att:11.3778328878;spe:6.41477807479;rep:100;rep:0.2;ene:1000;0;0;0;0;0;0;0;0;0;0;0;0;0;0;0;0;2;6;11;14;17;12;10;8;6;6;4;3;4;4;3;1;1;2;3;5;4;4;3;3;1;0;0;0;0;0;0;0;0;0;0;0;0;0;0;0;0;0;0;0;0;0;0;0;0;0;0;0;0;0;0;0;0;0;0;0;0;0;0;0;0;0;0;0;0;0;0;0;0;0;0;0;0;0;0;0;0
elatior canus pholis;bionts;siz:6;nut:752;def:20;att:10.7527166986;spe:8.22692540275;rep:100;rep:0.2;ene:1000;0;0;0;0;0;0;0;0;0;0;0;0;0;0;0;0;0;0;0;0;0;0;0;0;0;0;0;0;0;0;0;0;0;0;0;0;0;0;0;0;0;0;0;0;0;0;0;0;0;0;0;0;0;0;0;0;0;0;0;0;0;0;0;0;0;0;0;0;0;0;0;1;1;2;3;3;1;0;0;0;0;0;0;0;0;0;0;0;0;0;0;0;0;0;0;0;0
dorsum erectus tenuis;bionts;siz:6;nut:800;def:20;att:8.53847534182;spe:6.0;rep:100;rep:0.229076857536;ene:1000;0;0;0;0;0;0;0;0;0;0;0;0;0;0;0;0;0;0;0;0;0;0;0;0;0;0;0;0;0;0;0;0;0;0;0;0;0;0;1;1;1;0;0;0;0;0;0;0;0;0;0;0;0;0;0;0;0;0;0;0;0;0;0;0;0;0;0;0;0;0;0;0;0;0;0;0;0;0;0;0;0;0;0;0;0;0;0;0;0;0;0;0;0;0;0;0;0
leucos triquetrus mephitis;bionts;siz:6;nut:800;def:20;att:12;spe:6.0;rep:90.5757296595;rep:0.2;ene:1000;0;0;0;0;0;0;0;0;0;0;0;0;0;0;1;1;2;3;4;4;1;1;1;0;0;0;0;0;0;0;0;0;0;0;0;0;0;0;0;0;0;0;0;0;0;0;0;0;0;0;0;0;0;0;0;0;0;0;0;0;0;0;0;0;0;0;0;0;0;0;0;0;0;0;0;0;0;0;0;0;0;0;0;0;0;0;0;0;0;0;0;0;0;0;0;0;0
luteus montanus rhynchos;bionts;siz:6;nut:800;def:20;att:12;spe:6.0;rep:76.217869562;rep:0.2;ene:1000;0;0;0;0;0;0;0;0;0;0;0;0;0;0;0;0;0;0;0;0;0;0;0;0;0;0;0;0;0;0;0;0;0;0;0;0;0;0;0;0;0;0;0;0;0;0;0;0;0;0;0;0;0;0;0;0;1;2;4;6;7;4;1;0;0;0;0;0;0;0;0;0;0;0;0;0;0;0;0;0;0;0;0;0;0;0;0;0;0;0;0;0;0;0;0;0;0
arborescens leucos noveboracensis;bionts;siz:6;nut:800;def:20;att:11.9251341823;spe:6.0;rep:100;rep:0.20536953995;ene:1000;0;0;0;0;0;0;0;0;0;0;0;0;0;1;3;6;7;7;9;6;4;2;1;1;2;1;1;0;0;0;0;0;0;0;0;0;0;0;0;0;0;0;0;0;0;0;0;0;0;0;0;0;0;0;0;0;0;0;0;0;0;0;0;0;0;0;0;0;0;0;0;0;0;0;0;0;0;0;0;0;0;0;0;0;0;0;0;0;0;0;0;0;0;0;0;0;0
sanguis rhiza ventralis;bionts;siz:6;nut:800;def:20;att:13.1636457745;spe:7.63363511898;rep:100;rep:0.2;ene:1000;0;0;0;0;0;0;0;0;0;0;0;0;0;0;0;0;0;0;0;0;0;0;0;0;0;0;0;1;1;1;0;0;0;0;0;0;0;0;0;0;0;0;0;0;0;0;0;0;0;0;0;0;0;0;0;0;0;0;0;0;0;0;0;0;0;0;0;0;0;0;0;0;0;0;0;0;0;0;0;0;0;0;0;0;0;0;0;0;0;0;0;0;0;0;0;0;0
flor apis vernus;bionts;siz:6;nut:800;def:17.9534167748;att:12;spe:6.0;rep:100;rep:0.2;ene:1000;0;0;0;0;0;0;0;0;0;0;0;0;0;0;0;0;0;0;0;0;0;1;1;1;1;2;1;1;0;0;0;0;0;0;0;0;0;0;0;0;0;0;0;0;0;0;0;0;0;0;0;0;0;0;0;0;0;0;0;0;0;0;0;0;0;0;0;0;0;0;0;0;0;0;0;0;0;0;0;0;0;0;0;0;0;0;0;0;0;0;0;0;0;0;0;0;0
mys arvensis velox;bionts;siz:6;nut:800;def:20;att:12.5909213447;spe:6.0;rep:100;rep:0.2;ene:1000;0;0;0;0;0;0;0;0;0;0;0;0;0;0;0;0;0;0;0;0;0;0;0;0;0;1;1;2;3;2;3;1;0;0;0;0;0;0;0;0;0;0;0;0;0;0;0;0;0;0;0;0;0;0;0;0;0;0;0;0;0;0;0;0;0;0;0;0;0;0;0;0;0;0;0;0;0;0;0;0;0;0;0;0;0;0;0;0;0;0;0;0;0;0;0;0;0
repens cnemecola pulchellus;bionts;siz:6;nut:939;def:20;att:12;spe:7.63363511898;rep:100;rep:0.2;ene:1000;0;0;0;0;0;0;0;0;0;0;0;0;0;0;0;0;0;0;0;0;0;0;0;0;0;0;0;0;0;1;1;1;0;0;0;0;0;0;0;0;0;0;0;0;0;0;0;0;0;0;0;0;0;0;0;0;0;0;0;0;0;0;0;0;0;0;0;0;0;0;0;0;0;0;0;0;0;0;0;0;0;0;0;0;0;0;0;0;0;0;0;0;0;0;0;0;0
atropurpureum maculatus stoma;bionts;siz:6;nut:800;def:20;att:12;spe:6.0;rep:100;rep:0.25869038381;ene:1000;0;0;0;0;0;0;0;0;0;0;0;0;0;0;0;0;0;0;0;0;0;0;0;0;0;0;0;0;0;0;0;0;0;0;0;0;0;0;0;0;0;0;0;0;0;0;0;0;0;0;0;0;2;2;2;0;0;0;0;0;0;0;0;0;0;0;0;0;0;0;0;0;0;0;0;0;0;0;0;0;0;0;0;0;0;0;0;0;0;0;0;0;0;0;0;0;0
troglodytes strictus ops;bionts;siz:6;nut:800;def:20;att:14.7971446485;spe:8.22692540275;rep:100;rep:0.2;ene:1000;0;0;0;0;0;0;0;0;0;0;0;0;0;0;0;0;0;0;0;0;0;0;0;0;0;0;0;0;0;0;0;0;0;0;0;0;0;0;0;0;0;0;0;0;0;0;0;0;0;0;0;0;0;0;0;0;0;0;0;0;0;0;0;0;0;0;1;1;0;0;0;0;0;0;0;0;0;0;0;0;0;0;0;0;0;0;0;0;0;0;0;0;0;0;0;0;0
glabra zygos familiaris;bionts;siz:6;nut:800;def:20;att:12;spe:6.2186557456;rep:100;rep:0.2;ene:1000;0;0;0;0;0;0;0;0;0;0;0;0;0;0;0;0;0;0;0;0;0;0;0;0;0;0;0;0;0;0;0;0;0;0;0;0;0;0;0;0;0;0;2;2;2;0;0;0;0;0;0;0;0;0;0;0;0;0;0;0;0;0;0;0;0;0;0;0;0;0;0;0;0;0;0;0;0;0;0;0;0;0;0;0;0;0;0;0;0;0;0;0;0;0;0;0;0
caecus arborescens pratensis;bionts;siz:4;nut:691.771589147;def:18.1961931525;att:8.52632376189;spe:6.54114205426;rep:100;rep:0.2;ene:1000;0;0;0;0;0;0;0;0;0;0;0;0;0;0;0;0;0;0;0;0;0;0;0;0;0;0;0;0;0;0;0;0;0;0;0;0;0;0;0;0;0;0;0;0;0;1;1;1;0;0;0;0;0;0;0;0;0;0;0;0;0;0;0;0;0;0;0;0;0;0;0;0;0;0;0;0;0;0;0;0;0;0;0;0;0;0;0;0;0;0;0;0;0;0;0;0;0
latus unus tinctorius;bionts;siz:6;nut:800;def:20;att:14.8871650409;spe:7.63363511898;rep:100;rep:0.2;ene:1000;0;0;0;0;0;0;0;0;0;0;0;0;0;0;0;0;0;0;1;3;6;8;7;4;4;3;2;3;4;4;3;4;1;1;0;0;0;0;0;0;0;0;0;0;0;0;0;0;0;0;0;0;0;0;0;0;0;0;0;0;0;0;0;0;0;0;0;0;0;0;0;0;0;0;0;0;0;0;0;0;0;0;0;0;0;0;0;0;0;0;0;0;0;0;0;0;0
major albopictus orientalis;bionts;siz:6;nut:800;def:20;att:9.1449107345;spe:6.0;rep:106.603949028;rep:0.194916654834;ene:1000;0;0;0;0;0;0;0;0;0;0;0;0;0;0;0;0;0;0;0;0;0;0;0;0;0;0;0;0;0;0;0;0;0;0;0;0;0;0;0;0;0;0;0;0;0;0;0;0;0;0;0;0;0;0;0;0;0;0;0;0;0;0;0;0;0;0;0;0;0;0;0;0;0;0;1;1;1;0;0;0;0;0;0;0;0;0;0;0;0;0;0;0;0;0;0;0;0
luteus parvus noveboracensis;bionts;siz:4;nut:714.087650716;def:18.5681275119;att:11.9148490744;spe:6.42956174642;rep:100;rep:0.2;ene:1000;0;0;0;0;0;0;0;0;0;0;0;0;0;0;0;0;0;0;0;0;0;0;0;0;0;0;0;1;1;1;0;0;0;0;0;0;0;0;0;0;0;0;0;0;0;0;0;0;0;0;0;0;0;0;0;0;0;0;0;0;0;0;0;0;0;0;0;0;0;0;0;0;0;0;0;0;0;0;0;0;0;0;0;0;0;0;0;0;0;0;0;0;0;0;0;0;0
zygos mephitis palustris;bionts;siz:6;nut:800;def:20;att:14.8871650409;spe:7.51519928598;rep:100;rep:0.238387213853;ene:1000;0;0;0;0;0;0;0;0;0;0;0;0;0;0;0;0;0;0;0;0;0;0;0;0;0;0;0;0;0;0;0;0;0;0;0;0;0;0;0;0;0;0;0;0;0;0;0;0;0;0;0;0;1;1;1;0;0;0;0;0;0;0;0;0;0;0;0;0;0;0;0;0;0;0;0;0;0;0;0;0;0;0;0;0;0;0;0;0;0;0;0;0;0;0;0;0;0
rostra familiaris costatus;bionts;siz:6;nut:649;def:20;att:12;spe:6.0;rep:100;rep:0.2;ene:1000;0;0;0;0;0;0;0;0;0;1;3;3;3;0;0;0;0;0;0;0;0;0;0;0;0;0;0;0;0;0;0;0;0;0;0;0;0;0;0;0;0;0;0;0;0;0;0;0;0;0;0;0;0;0;0;0;0;0;0;0;0;0;0;0;0;0;0;0;0;0;0;0;0;0;0;0;0;0;0;0;0;0;0;0;0;0;0;0;0;0;0;0;0;0;0;0;0
lepus rhiza tomentosus;bionts;siz:6;nut:800;def:20;att:12;spe:6.0;rep:128.931457547;rep:0.2;ene:1000;0;0;0;0;0;0;0;0;1;2;1;1;1;0;0;0;0;0;0;0;0;0;0;0;0;0;0;0;0;0;0;0;0;0;0;0;0;0;0;0;0;0;0;0;0;0;0;0;0;0;0;0;0;0;0;0;0;0;0;0;0;0;0;0;0;0;0;0;0;0;0;0;0;0;0;0;0;0;0;0;0;0;0;0;0;0;0;0;0;0;0;0;0;0;0;0;0
notos lineatus acutus;bionts;siz:6;nut:800;def:20;att:12;spe:5.56623809997;rep:100;rep:0.2;ene:1000;0;0;0;0;0;0;0;0;0;0;0;0;0;0;0;0;0;0;0;0;0;0;0;0;0;0;0;0;0;0;0;0;0;0;0;0;0;0;0;0;0;0;0;0;0;0;0;0;0;0;0;0;0;0;0;0;0;0;0;0;0;0;0;0;0;0;0;0;0;0;0;0;0;0;0;0;0;0;0;0;0;0;0;0;0;0;0;0;0;0;0;0;1;1;0;0;0
pubescens minimus decem;bionts;siz:6;nut:800;def:20;att:12.2114904091;spe:5.44722716872;rep:100;rep:0.2;ene:1000;0;0;0;0;0;0;0;0;0;0;0;0;0;0;0;0;0;0;0;0;0;0;0;0;0;0;0;0;0;0;0;0;0;0;0;0;0;0;0;0;0;0;0;0;0;0;0;0;0;0;0;0;0;0;0;0;0;0;0;0;0;0;0;0;0;0;0;0;0;0;0;0;0;0;1;1;1;0;0;0;0;0;0;0;0;0;0;0;0;0;0;0;0;0;0;0;0
albopictus canis decem;bionts;siz:6;nut:800;def:20;att:15.0792697698;spe:6.0;rep:100;rep:0.2;ene:1000;0;0;0;0;0;0;0;0;0;0;0;0;0;0;0;0;0;0;0;0;0;0;0;0;0;0;0;0;0;0;1;2;2;2;0;0;0;0;0;0;0;0;0;0;0;0;0;0;0;0;0;0;0;0;0;0;0;0;0;0;0;0;0;0;0;0;0;0;0;0;0;0;0;0;0;0;0;0;0;0;0;0;0;0;0;0;0;0;0;0;0;0;0;0;0;0;0
dulcis saura cephaloceps;bionts;siz:6;nut:800;def:20;att:12;spe:6.0;rep:85.7138783902;rep:0.2;ene:1000;0;0;0;0;0;0;0;0;0;0;0;0;0;0;0;0;0;0;0;0;0;0;0;0;0;0;0;0;0;0;0;0;0;0;0;0;0;0;0;0;0;0;0;0;0;0;0;0;0;0;1;1;1;0;0;0;0;0;0;0;0;0;0;0;0;0;0;0;0;0;0;0;0;0;0;0;0;0;0;0;0;0;0;0;0;0;0;0;0;0;0;0;0;0;0;0;0
pubescens crocos luteus;bionts;siz:6;nut:800;def:20;att:12;spe:7.74387291668;rep:100;rep:0.2;ene:1000;0;0;0;0;0;0;0;0;0;0;0;0;0;0;0;0;0;0;0;0;0;0;0;0;0;0;0;0;0;0;0;1;1;1;0;0;0;0;0;0;0;0;0;0;0;0;0;0;0;0;0;0;0;0;0;0;0;0;0;0;0;0;0;0;0;0;0;0;0;0;0;0;0;0;0;0;0;0;0;0;0;0;0;0;0;0;0;0;0;0;0;0;0;0;0;0;0
villosus mys eburnea;raptors;siz:10;nut:800;def:30;att:29;spe:4.5;rep:2000;rep:0.2;ene:1000;5;5;5;5;5;5;5;5;5;5;5;5;6;6;6;6;7;8;10;10;10;10;10;10;10;10;10;10;9;9;10;11;12;13;13;14;15;13;13;13;13;13;13;13;14;13;13;13;15;15;16;15;15;16;15;15;15;15;15;15;16;17;17;18;18;20;20;20;22;22;20;20;22;21;21;22;24;23;24;24;26;28;27;26;26;27;28;29;30;31;31;29;31;31;31;33;38
corax tenuis flavus;bionts;siz:6;nut:800;def:20;att:12;spe:6.0;rep:117.111842737;rep:0.2;ene:1000;0;0;0;0;0;0;0;0;0;0;0;0;0;0;0;0;0;0;0;0;0;0;0;0;0;0;0;0;0;0;0;0;0;0;0;0;0;0;0;0;0;1;0;0;0;0;0;0;0;0;0;0;0;0;0;0;0;0;0;0;0;0;0;0;0;0;0;0;0;0;0;0;0;0;0;0;0;0;0;0;0;0;0;0;0;0;0;0;0;0;0;0;0;0;0;0;0
ops disc flor;bionts;siz:6;nut:800;def:20;att:12;spe:4.44862659882;rep:100;rep:0.2;ene:1000;0;0;0;0;0;0;0;0;0;0;0;0;0;0;0;0;0;0;0;0;0;0;0;0;0;0;0;0;0;0;0;0;0;0;0;0;0;0;0;0;0;0;0;0;0;0;0;0;0;0;0;0;0;0;0;0;0;0;0;0;0;0;0;0;0;0;0;0;0;0;1;1;1;0;0;0;0;0;0;0;0;0;0;0;0;0;0;0;0;0;0;0;0;0;0;0;0
cristatus glycys reptans;bionts;siz:6;nut:800;def:20;att:14.1576493044;spe:6.0;rep:100;rep:0.2;ene:1000;0;0;0;0;0;0;0;0;0;0;0;0;0;0;0;0;0;0;0;0;0;0;0;0;0;0;0;0;0;0;0;0;0;0;0;0;0;0;0;0;0;0;0;0;0;0;0;0;0;0;0;0;0;0;0;0;0;0;0;0;0;0;0;0;0;0;0;0;0;0;0;0;0;0;0;0;1;1;1;0;0;0;0;0;0;0;0;0;0;0;0;0;0;0;0;0;0
rostralis repand caulos;bionts;siz:6;nut:800;def:14.6007153515;att:12;spe:6.0;rep:100;rep:0.2;ene:1000;0;0;0;0;0;0;0;0;0;0;0;0;0;0;0;0;0;0;0;0;0;0;0;0;0;0;0;0;0;0;0;0;0;0;0;0;0;0;0;0;0;0;0;0;0;1;1;1;0;0;0;0;0;0;0;0;0;0;0;0;0;0;0;0;0;0;0;0;0;0;0;0;0;0;0;0;0;0;0;0;0;0;0;0;0;0;0;0;0;0;0;0;0;0;0;0;0
haema penn domesticus;bionts;siz:6;nut:800;def:21.7247460426;att:12;spe:6.0;rep:100;rep:0.2;ene:1000;0;0;0;0;0;0;0;0;0;0;0;0;0;0;0;1;1;1;1;0;0;0;0;0;0;0;0;0;0;0;0;0;0;0;0;0;0;0;0;0;0;0;0;0;0;0;0;0;0;0;0;0;0;0;0;0;0;0;0;0;0;0;0;0;0;0;0;0;0;0;0;0;0;0;0;0;0;0;0;0;0;0;0;0;0;0;0;0;0;0;0;0;0;0;0;0;0
pratensis officinalis striatus;bionts;siz:6;nut:800;def:14.3654968055;att:9.1449107345;spe:6.0;rep:99.1112717559;rep:0.2;ene:1000;0;0;0;0;0;0;0;0;0;0;0;0;0;0;0;0;0;0;0;0;0;0;0;0;0;0;0;0;0;0;0;0;0;0;0;0;0;0;0;0;0;0;0;0;0;0;0;0;0;0;0;0;0;0;0;0;0;0;0;0;0;0;0;0;0;0;0;0;0;0;0;1;1;0;0;0;0;0;0;0;0;0;0;0;0;0;0;0;0;0;0;0;0;0;0;0;0
malabaricus lactiflora rhyti;bionts;siz:6;nut:800;def:20;att:12;spe:6.0;rep:100;rep:0.2;ene:1000;5;7;8;9;15;26;38;56;58;70;91;117;138;152;155;143;141;129;110;77;65;59;45;39;31;29;31;26;28;30;35;33;38;35;32;24;21;29;32;34;31;27;24;19;17;21;25;25;21;25;34;47;61;59;59;53;44;31;34;29;33;38;42;40;35;33;39;39;34;28;18;18;14;12;16;18;27;29;27;25;17;12;12;13;11;11;9;11;14;15;13;17;19;14;12;10;9
stoma haema homo;bionts;siz:6;nut:800;def:22.38579059;att:12;spe:7.63363511898;rep:100;rep:0.2;ene:1000;0;0;0;0;0;0;0;0;0;0;0;0;0;0;0;0;0;0;0;0;0;0;0;0;0;0;0;0;0;0;0;0;1;1;1;0;0;0;0;0;0;0;0;0;0;0;0;0;0;0;0;0;0;0;0;0;0;0;0;0;0;0;0;0;0;0;0;0;0;0;0;0;0;0;0;0;0;0;0;0;0;0;0;0;0;0;0;0;0;0;0;0;0;0;0;0;0
gaster costatus canis;bionts;siz:6;nut:779;def:20;att:10.7527166986;spe:8.22692540275;rep:100;rep:0.2;ene:1000;0;0;0;0;0;0;0;0;0;0;0;0;0;0;0;0;0;0;0;0;0;0;0;0;0;0;0;0;0;0;0;0;0;0;0;0;0;0;0;0;0;0;0;0;0;0;0;0;0;0;0;0;0;0;0;0;0;0;0;0;0;0;0;0;0;0;0;0;0;0;0;0;0;0;0;0;0;0;0;0;0;0;0;0;0;0;0;0;0;0;0;0;0;1;1;2;2
virosus chilensis strictus;bionts;siz:6;nut:800;def:20;att:13.8883645911;spe:6.0;rep:100;rep:0.2;ene:1000;0;0;0;0;0;0;0;0;0;0;0;0;0;1;1;1;0;0;0;0;0;0;0;0;0;0;0;0;0;0;0;0;0;0;0;0;0;0;0;0;0;0;0;0;0;0;0;0;0;0;0;0;0;0;0;0;0;0;0;0;0;0;0;0;0;0;0;0;0;0;0;0;0;0;0;0;0;0;0;0;0;0;0;0;0;0;0;0;0;0;0;0;0;0;0;0;0
indicus erio pterus;bionts;siz:6;nut:800;def:20;att:12;spe:6.0;rep:100;rep:0.206372971682;ene:1000;0;0;0;0;0;0;0;0;0;0;0;0;0;0;0;0;0;0;0;0;0;0;0;0;0;0;0;0;0;0;1;1;1;1;0;0;0;0;0;0;0;0;0;0;0;0;0;0;0;0;0;0;0;0;0;0;0;0;0;0;0;0;0;0;0;0;0;0;0;0;0;0;0;0;0;0;0;0;0;0;0;0;0;0;0;0;0;0;0;0;0;0;0;0;0;0;0
echinatus saura rhyti;bionts;siz:6;nut:800;def:20;att:12;spe:7.63363511898;rep:100;rep:0.222370192281;ene:1000;0;0;0;0;0;0;0;0;0;0;0;0;0;0;0;0;0;0;0;0;0;0;0;0;0;0;0;0;0;0;0;0;0;0;0;1;1;1;1;0;0;0;0;0;0;0;0;0;0;0;0;0;0;0;0;0;0;0;0;0;0;0;0;0;0;0;0;0;0;0;0;0;0;0;0;0;0;0;0;0;0;0;0;0;0;0;0;0;0;0;0;0;0;0;0;0;0
